              precision    recall  f1-score   support

           0       0.95      0.94      0.95       695
           1       0.93      0.93      0.93       275
           2       0.82      0.86      0.84       159
           3       0.97      0.97      0.97       580
           4       0.89      0.90      0.89       224
           5       0.77      0.73      0.75        66

    accuracy                           0.93      1999
   macro avg       0.89      0.89      0.89      1999
weighted avg       0.93      0.93      0.93      1999